     0
     0
     0
    14
   106
   318
   515
   541
   482
   462
   498
   534
   492
   437
   481
   536
   449
   317
   146
   -68
    38
   449
   737
   790
   729
   647
   553
   536
   606
   552
   382
   257
   286
   570
   914
   983
   870
   803
   882
  1216
  1676
  2032
  2221
  2301
  2425
  2607
  2809
  3067
  3263
  3323
  3395
  3519
  3580
  3695
  3940
  4131
  4282
  4515
  4803
  4896
  4651
  4388
  4370
  4599
  5041
  5516
  5831
  5903
  5876
  5994
  6077
  5954
  5798
  5638
  5449
  5276
  5024
  4603
  4116
  3716
  3451
  3241
  2991
  2724
  2582
  2661
  2816
  2910
  2901
  2692
  2329
  2082
  1883
  1479
   997
   589
   231
  -100
  -323
  -406
  -454
  -600
  -863
 -1140
 -1464
 -1856
 -2184
 -2378
 -2392
 -2219
 -1944
 -1724
 -1758
 -2004
 -2188
 -2142
 -1996
 -1979
 -2168
 -2418
 -2527
 -2587
 -2745
 -2985
 -3212
 -3260
 -3060
 -2769
 -2581
 -2453
 -2370
 -2356
 -2305
 -2275
 -2330
 -2406
 -2599
 -2912
 -3133
 -3223
 -3287
 -3275
 -3156
 -2995
 -2892
 -2882
 -2852
 -2795
 -2823
 -2979
 -3105
 -3046
 -2901
 -2951
 -3355
 -3920
 -4386
 -4732
 -5117
 -5523
 -5831
 -6156
 -6614
 -7274
 -7988
 -8332
 -8093
 -7445
 -6751
 -6004
 -4959
 -3804
 -2799
 -1906
  -968
   140
  1334
  2485
  3540
  4535
  5587
  6625
  7528
  8334
  9086
  9863
 10847
 12122
 13508
 14525
 14795
 14309
 13186
 11631
  9852
  8021
  6226
  4470
  2857
  1423
    31
 -1425
 -2858
 -4242
 -5762
 -7373
 -9049
-10946
-12740
-14185
-15607
-17200
-18816
-20388
-21898
-22903
-23033
-22395
-21206
-19664
-17999
-16375
-14824
-13315
-11767
-10185
 -8707
 -7506
 -6582
 -5978
 -5882
 -6192
 -6532
 -6626
 -6583
 -6513
 -6335
 -6216
 -6325
 -6564
 -6740
 -6767
 -6825
 -7009
 -7192
 -7226
 -7020
 -6690
 -6407
 -6251
 -6303
 -6513
 -6733
 -6971
 -7239
 -7377
 -7244
 -7064
 -7112
 -7243
 -7321
 -7344
 -7251
 -7111
 -7061
 -7085
 -7065
 -7000
 -7003
 -7064
 -7136
 -7254
 -7297
 -7222
 -7260
 -7381
 -7408
 -7429
 -7529
 -7666
 -7737
 -7730
 -7737
 -7731
 -7769
 -7956
 -8244
 -8546
 -8613
 -8337
 -8027
 -7943
 -8037
 -8108
 -8104
 -8053
 -8000
 -8181
 -8631
 -9063
 -9325
 -9484
 -9513
 -9420
 -9399
 -9469
 -9549
 -9627
 -9659
 -9657
 -9727
 -9819
 -9746
 -9604
 -9521
 -9421
 -9367
 -9329
 -9182
 -9038
 -9035
 -9119
 -9228
 -9339
 -9377
 -9371
 -9390
 -9272
 -8949
 -8663
 -8543
 -8599
 -8790
 -8970
 -9096
 -9313
 -9593
 -9716
 -9637
 -9427
 -9150
 -8845
 -8655
 -8773
 -9033
 -9118
 -9068
 -8980
 -8803
 -8633
 -8548
 -8478
 -8331
 -8158
 -8221
 -8504
 -8775
 -8985
 -9149
 -9275
 -9389
 -9629
 -9937
-10165
-10368
-10491
-10556
-10702
-10822
-10821
-10883
-11111
-11456
-11843
-12090
-12144
-12240
-12475
-12675
-12799
-12925
-13067
-13273
-13581
-13913
-14067
-14057
-14052
-14037
-13959
-13854
-13796
-13818
-13984
-14268
-14524
-14651
-14651
-14688
-14850
-14975
-14992
-15061
-15160
-15149
-15121
-15211
-15458
-15770
-15978
-16045
-16080
-16094
-15951
-15809
-15819
-15846
-15885
-15936
-16008
-16278
-16668
-16857
-16862
-16818
-16749
-16687
-16591
-16532
-16544
-16487
-16331
-16226
-16357
-16638
-16812
-16805
-16720
-16699
-16742
-16686
-16499
-16382
-16491
-16740
-16984
-17192
-17309
-17287
-17201
-17105
-16948
-16887
-17208
-17778
-18334
-18787
-19031
-19047
-18905
-18722
-18633
-18572
-18446
-18416
-18557
-18694
-18771
-18806
-18750
-18656
-18610
-18588
-18596
-18744
-19018
-19243
-19309
-19251
-19190
-19159
-19119
-19084
-19077
-19142
-19272
-19445
-19681
-19944
-20057
-19941
-19774
-19649
-19501
-19289
-19193
-19373
-19622
-19757
-19756
-19674
-19780
-20106
-20402
-20603
-20652
-20541
-20439
-20453
-20576
-20734
-20981
-21312
-21422
-21334
-21407
-21604
-21742
-21927
-22079
-22013
-21787
-21558
-21523
-21631
-21674
-21612
-21507
-21440
-21471
-21560
-21646
-21739
-21776
-21845
-21993
-22001
-21846
-21537
-21231
-21179
-21078
-20735
-20469
-20365
-20256
-20065
-19929
-20021
-20211
-20320
-20223
-19884
-19534
-19375
-19458
-19634
-19687
-19625
-19549
-19476
-19419
-19356
-19113
-18758
-18580
-18640
-18753
-18709
-18559
-18414
-18103
-17710
-17608
-17846
-18378
-19014
-19420
-19674
-19982
-20320
-20718
-21321
-22022
-22513
-22782
-22996
-23269
-23602
-23826
-23927
-24012
-24078
-24170
-24393
-24771
-25135
-25376
-25568
-25628
-25505
-25387
-25313
-25235
-25298
-25518
-25846
-26401
-26985
-27311
-27526
-27765
-27988
-28208
-28430
-28643
-28876
-29110
-29290
-29343
-29224
-29026
-28863
-28823
-28852
-28797
-28732
-28753
-28798
-28893
-28973
-28896
-28780
-28809
-29058
-29489
-29859
-27129
-20675
-16704
-17502
-17412
-13991
-12586
-12478
 -7244
  2288
  9128
 10644
 12431
 16859
 21505
 25254
 27713
 28794
 28738
 28016
 27139
 26224
 25131
 23994
 22736
 21026
 19118
 17697
 17094
 17141
 17526
 17943
 18131
 18233
 18608
 19211
 19959
 20873
 21740
 22471
 23019
 23272
 23393
 23742
 24484
 25390
 26193
 26809
 27271
 27613
 27759
 27824
 27966
 28024
 27784
 27104
 25854
 24016
 21803
 19402
 16854
 14311
 11994
 10007
  8141
  6068
  3771
  1505
  -631
 -2675
 -4563
 -6259
 -7925
 -9735
-11595
-13414
-15253
-16897
-17843
-17952
-17543
-16930
-16264
-15449
-14343
-12970
-11379
 -9688
 -8061
 -6617
 -5554
 -5055
 -5074
 -5467
 -6060
 -6591
 -6998
 -7394
 -7764
 -8121
 -8500
 -8848
 -9127
 -9332
 -9450
 -9545
 -9904
-10631
-11367
-11806
-11901
-11843
-11858
-11930
-12099
-12449
-12918
-13403
-13809
-14127
-14448
-14728
-14892
-15009
-15192
-15571
-15986
-16135
-16151
-16300
-16488
-16581
-16778
-17175
-17528
-17779
-18044
-18379
-18770
-19141
-19385
-19478
-19631
-19929
-20265
-20478
-20465
-20451
-20600
-20865
-21256
-21740
-22227
-22545
-22578
-22534
-22567
-22668
-22910
-23336
-23834
-24267
-24680
-25012
-25138
-25243
-25498
-25785
-25952
-26091
-26365
-26763
-27161
-27504
-27782
-27943
-28077
-28118
-27818
-27405
-27295
-27380
-27484
-27645
-27756
-27826
-27985
-28135
-28150
-28204
-28444
-28791
-29161
-29363
-29303
-29217
-29269
-29416
-29540
-29642
-29917
-30232
-30385
-30471
-30483
-30354
-30236
-30325
-30565
-30815
-30977
-31049
-31078
-31033
-31004
-31088
-31179
-31189
-31175
-31252
-28519
-19095
 -5340
  7806
 18243
 25635
 30264
 32599
-32477
  2985
-13216
 -6082
 19401
-17205
-30150
-13514
 22625
 -7710
-21802
-12898
 13153
-23946
 27666
  6963
 -8201
-10169
  1649
 20338
-30194
  9403
-15361
-24760
-14597
  8973
 32695
-22007
  6670
-29908
 20128
 -3029
-20178
-22690
 -9837
 10856
 27748
 31525
 20060
  -479
-19099
-26113
-18293
  -443
 17427
 25523
 19551
  2821
-15892
-26854
-24435
-10422
  7069
 18203
 16886
  3936
-13782
-26955
-28674
-18274
 -1881
 11212
 14024
  5117
-10837
-25339
-30892
-25030
-11495
  2169
  8631
  4262
 -8718
-23274
-31631
-29807
-19429
 -6251
  2560
  1857
 -8171
-21995
-32203
 31920
  3055
 29537
 30267
  5271
-31578
  5028
 28153
 25567
 -1009
 28515
 31526
  6902
-31851
  1625
 22200
 18928
 -6110
 26411
 31951
  7814
-32540
 -1733
 16549
 12583
-11211
 23811
 31927
  9090
-31946
 -3335
 12379
  6777
-16903
 19917
 30489
  9451
-31254
 -3752
 10124
  3033
-20843
 17094
 29539
 10234
-30014
 -3939
  7279
 -2156
-26911
 11904
 26465
  9439
-26515
  9162
-32337
  6693
-22582
-32340
-13446
 26140
   704
 -8553
  2976
 28167
-13068
-32452
-20568
 15246
-10853
-18597
 -4470
 23240
-16564
 29588
  3648
-13801
-13970
  2340
 25709
-22331
 16056
-13042
-27266
-19698
  4719
 32299
-17544
 14357
-22318
 24336
 -3836
-24895
-28000
-12292
 13111
-31349
 10367
-17323
-32600
-27757
 -6101
 20315
-28490
  6024
-27654
 21029
 -7107
-30013
 29981
  7618
-18064
 32159
 -1653
 31277
-19329
  6269
 26837
 31242
 17513
 -6652
-28323
 29378
  2588
-27157
 21496
-10632
 26114
-20740
  6482
 25645
 26191
  7911
-19177
 24745
-17130
 10218
 24967
 19089
 -4179
-32353
 14902
-20709
 12469
 29359
 20908
 -8344
 22911
 30959
 11617
-24675
  7113
 22772
 13946
-14544
 18156
 27387
  8536
-27921
  3069
 17610
  8109
-19983
 14079
 24977
  7267
-29084
  1084
 14391
  4047
-24008
 10916
 23113
  6478
-26709
 12465
-26771
 11972
-19999
 32098
 11570
  -797
  3025
 21334
-21524
 29328
 12805
  4079
  7106
 19392
-31840
 12924
 -4003
 -7133
  4606
 24168
-25115
 15374
 -9490
-20008
-11298
 11163
-30990
 16805
 -4508
-16935
-14447
   785
 19890
 32073
 30333
 15368
 -5152
-20773
-23799
-13576
  3497
 17849
 21571
 12495
 -4344
-19596
-24987
-17762
 -1868
 14330
 22416
 18397
  4952
-10162
-18585
-15779
 -3258
 12286
 22633
 22622
 12787
 -1313
-11899
-12958
 -3812
 10506
 22133
 24583
 16358
  1676
-12164
-18795
-15982
 -6647
  2967
  6540
   996
-11587
-25280
 31789
 -4625
 17048
 17381
 -4353
 31473
-22204
 -1652
 16718
 27213
 28685
 23977
 18218
 15971
 18853
 25176
 31366
-31515
  2782
-17156
-13756
 10850
-22248
-28296
 -4628
-30063
-24423
  8413
-15437
-16693
  4474
-29724
 30934
 20519
 11346
  7866
 11331
 19413
 27321
 30308
 26399
 17326
  7651
  2245
  3481
 10063
 17938
 22568
 21166
 14276
  5482
  -962
 -2188
  2076
  9040
 14418
 15009
 10329
  2633
 -4247
 -6872
 -4156
  2050
  7987
 10123
  7042
    77
 -7366
-11645
-10894
 -5863
   356
  3881
  2591
 -2861
 -9832
-14934
-15709
-12172
 -6725
 -2636
 -2337
 -6154
-12214
-17573
-19691
-17685
-12875
 -8103
 -6248
 -8552
-13909
-19566
-22725
-22201
-18715
-14305
-11533
-12188
-16057
-21151
-24983
-25758
-23387
-19500
-16442
-16014
-18605
-23132
-27418
-29286
-27982
-24487
-20925
-19472
-21058
-24986
-29282
-31781
-31400
-28525
-24884
-22742
-23497
-26779
-30876
 31788
 -5024
 11472
  5612
-19040
 16600
 26390
  5446
 31036
 22765
-11453
 18033
 31289
 24163
  5791
 -8812
 -7652
 11365
-26473
 31803
 21858
 15702
 15917
 21567
 28907
-32160
  3185
-17426
-16628
  4102
-32759
 24437
 11274
  1213
  -886
  5381
 15806
 24089
 25342
 18633
  7297
 -2979
 -7117
 -3431
  5391
 14046
 17610
 13803
  4218
 -6336
-12516
-11459
 -4370
  4343
  9539
  8053
   419
 -9498
-16841
-18119
-12949
 -4624
  2010
  3120
 -2261
-11390
-19612
-23086
-20522
-13860
 -7210
 -4393
 -7123
-14203
-22067
-26754
-26047
-20816
-14346
-10391
-11386
-17052
-24501
-30023
-31031
-27238
-20858
-15641
-14687
-18532
-25075
-30972
 32104
 -2568
 16540
 12237
-13139
 19597
 25877
  2616
 28099
 21859
-12235
 12930
 19346
  4313
-18589
-31958
-26201
  -895
-31884
 32461
 26209
 20513
 18525
 20908
 25778
 29857
 30308
 26387
 19786
 13640
 10720
 11994
 16170
 20378
 21822
 19176
 13362
  7048
  3102
  3201
  6784
 11360
 14085
 13246
  9019
  3318
 -1045
 -2002
   346
  4185
  7095
  7055
  3686
 -1535
 -6272
 -8490
 -7357
 -3969
  -803
   150
 -1819
 -6114
-10796
-13554
-13328
-10854
 -7824
 -6107
 -6996
-10414
-14836
-18221
-19195
-17546
-14450
-12012
-11901
-14414
-18509
-22272
-23974
-23191
-20809
-18410
-17617
-19292
-22820
-26543
-28862
-28820
-26629
-23685
-21831
-22269
-24789
-28114
-30688
-31418
-30162
-27898
-26239
-23420
-18764
-17621
-18083
-12398
  -905
 11651
 22097
 28766
 31328
 30554
 28000
 25534
 24309
 24416
 25211
 25471
 24365
 22062
 19301
 17031
 15933
 16085
 16984
 17743
 17567
 16118
 13810
 11696
 10624
 10734
 11648
 12619
 12684
 11393
  9200
  6886
  5308
  4981
  5506
  6280
  6756
  6247
  4615
  2544
   885
   204
   653
  1684
  2354
  1953
   297
 -2128
 -4370
 -5679
 -5975
 -5690
 -5507
 -5997
 -7278
 -9058
-10856
-12205
-12834
-12775
-12411
-12353
-13231
-15159
-17482
-19423
-20391
-20319
-19928
-19907
-20515
-21840
-23590
-25139
-26038
-26231
-25982
-25769
-26093
-27135
-28684
-30339
-31648
-29304
-22418
-14611
 -5183
  5755
 15016
 21572
 25759
 28314
 29619
 29777
 28979
 27416
 25208
 22785
 20761
 19483
 18897
 18669
 18463
 17964
 16790
 14922
 12859
 11305
 10606
 10445
 10375
  9901
  8818
  7470
  6194
  5219
  4609
  4195
  3746
  3085
  2002
   463
 -1139
 -2434
 -3254
 -3617
 -3846
 -4270
 -5120
 -6475
 -8143
 -9868
-11325
-12248
-12789
-13326
-14145
-15287
-16551
-17672
-18360
-18345
-17729
-16980
-16334
-15809
-15541
-15541
-15529
-15239
-14736
-14206
-13644
-13012
-12525
-12447
-12550
-12450
-12052
-11483
-10929
-10476
-10294
-10624
-11482
-12612
-13868
-15421
-17366
-19530
-21866
-24453
-24198
-16953
 -4887
  6941
 15982
 21539
 23927
 23780
 21849
 18916
 15586
 12264
  9254
  6798
  4806
  2917
  1188
  -136
 -1100
 -1623
 -1522
  -877
   153
  1364
  2339
  2702
  2595
  2554
  2794
  3070
  3167
  3069
  2741
  2062
   913
  -596
 -2024
 -3106
 -3880
 -4442
 -4928
 -5502
 -6257
 -7126
 -8002
 -8669
 -9061
 -9388
 -9861
-10577
-11522
-12721
-14014
-15186
-16202
-16955
-17466
-18048
-18758
-19431
-20091
-20784
-21461
-22000
-22374
-22662
-23031
-23716
-24618
-25432
-26173
-26961
-27680
-28272
-28800
-29326
-29879
-30426
-30953
-31402
-28742
-19330
 -5797
  6930
 16803
 23461
 27216
 28797
 28914
 28033
 26509
 24504
 22357
 20491
 19086
 18190
 17557
 16771
 15603
 14033
 12321
 10939
 10081
  9638
  9388
  9052
  8442
  7396
  6095
  4945
  4001
  3190
  2475
  1616
   532
  -690
 -2149
 -3659
 -4713
 -5120
 -5245
 -5524
 -5985
 -6562
 -7259
 -7991
 -8681
 -9407
-10205
-11000
-11761
-12406
-13138
-14167
-15203
-16044
-16716
-17168
-17423
-17760
-18382
-19170
-20013
-20903
-21655
-22036
-22131
-22313
-22933
-24076
-25471
-26590
-27193
-27479
-27649
-27984
-28627
-29267
-29823
-30456
-28156
-19025
 -5366
  7906
 18271
 24948
 28402
 29532
 29064
 27615
 25686
 23627
 21708
 20011
 18607
 17535
 16569
 15377
 13823
 12155
 10722
  9528
  8472
  7650
  6946
  6032
  4919
  3703
  2368
  1182
   232
  -662
 -1512
 -2348
 -3239
 -4310
 -5521
 -6558
 -7348
 -7994
 -8584
 -9320
-10293
-11391
-12489
-13421
-14079
-14582
-15019
-15443
-16000
-16728
-17655
-18731
-19684
-20508
-21283
-21849
-22223
-22690
-23412
-24276
-25287
-26447
-27447
-28024
-28402
-28988
-29830
-30694
-28461
-19323
 -5724
  7367
 17666
 24654
 28607
 30004
 29607
 28082
 25829
 23425
 21363
 19777
 18527
 17313
 16085
 15004
 13928
 12711
 11612
 10775
 10092
  9593
  9101
  8227
  6990
  5612
  4250
  3076
  2162
  1351
   442
  -550
 -1584
 -2666
 -3641
 -4479
 -5305
 -6011
 -6614
 -7369
 -8399
 -9593
-10758
-11881
-12895
-13587
-13957
-14314
-15054
-16268
-17696
-18924
-19776
-20417
-20970
-21496
-22051
-22698
-23557
-24552
-25514
-26357
-26982
-27371
-27710
-28298
-29162
-27202
-21417
